,x coord,y coord,z coord,time
0,30.0,0.0,30.0,0
1,35.0,0.0,30.0,0.16706782999972347
2,40.0,0.0,30.0,0.33507887399991887
3,45.0,0.0,30.0,0.5034636619993762
4,50.0,0.0,30.0,0.6754068849995747
5,55.0,0.0,30.0,0.8474735429999782
6,60.0,0.0,30.0,1.0194580150000547
7,65.0,0.0,30.0,1.191272334000132
8,65.0,0.0,30.0,1.2081643639994581
9,65.0,0.0,32.5,1.2249184789998253
10,65.0,0.0,35.0,1.357303564999711
11,65.0,0.0,37.5,1.4927374569997482
12,65.0,0.0,40.0,1.6282365050001317
13,65.0,0.0,42.5,1.762545675000183
14,65.0,0.0,45.0,1.898042066999551
15,65.0,0.0,47.5,2.0335821029993895
16,65.0,0.0,50.0,2.1689759439996124
17,65.0,0.0,52.5,2.303285844000129
18,65.0,0.0,55.0,2.4657206719994065
19,65.0,0.0,57.5,2.598222734999581
20,65.0,0.0,60.0,2.73406625699954
21,65.0,0.0,62.5,2.8692156219995013
22,65.0,0.0,65.0,3.004774252000061
