,x coord,y coord,z coord,time
0,30.0,0.0,30.0,0
1,35.0,0.0,30.0,1.3816199800003233
2,40.0,0.0,30.0,1.5982011779997265
3,45.0,0.0,30.0,1.8152286460008327
4,50.0,0.0,30.0,2.033212354999705
5,55.0,0.0,30.0,2.2499933010003588
6,60.0,0.0,30.0,2.467030092000641
7,65.0,0.0,30.0,2.6837535360009497
8,65.0,0.0,30.0,2.696847515999252
9,65.0,0.0,32.5,2.7086212810008874
10,65.0,0.0,35.0,2.849678993999987
11,65.0,0.0,37.5,2.9942483249997167
12,65.0,0.0,40.0,3.138940265000201
13,65.0,0.0,42.5,3.2826347650006937
14,65.0,0.0,45.0,3.4254525060005108
15,65.0,0.0,47.5,3.5682138379997923
16,65.0,0.0,50.0,3.7122271539992653
17,65.0,0.0,52.5,3.85334783899998
18,65.0,0.0,55.0,3.999415571001009
19,65.0,0.0,57.5,4.143195647000539
20,65.0,0.0,60.0,4.285997189999762
21,65.0,0.0,62.5,4.4294317300009425
22,65.0,0.0,65.0,4.5724557300000015
